0 16 -18 -20 -18 -15 -16 0 0 0 0 0 0 0 0 
35 25 12 3 18 4 -7 0 0 0 0 0 0 0 0 
48 29 20 26 20 -4 -11 0 0 0 0 0 0 0 0 
24 56 36 34 24 20 11 0 0 0 0 0 0 0 0 
34 61 49 45 33 26 21 0 0 0 0 0 0 0 0 
36 46 52 59 89 32 19 0 0 0 0 0 0 0 0 
45 70 80 88 103 87 41 0 0 0 0 0 0 0 0 
22 50 152 245 161 116 67 0 0 0 0 0 0 0 0 
26 43 71 92 99 89 75 0 0 0 0 0 0 0 0 
22 35 59 47 56 81 48 0 0 0 0 0 0 0 0 
9 37 54 49 42 77 47 0 0 0 0 0 0 0 0 
2 24 34 42 39 74 38 0 0 0 0 0 0 0 0 
-8 13 17 29 33 40 61 0 0 0 0 0 0 0 0 
-17 -1 9 11 17 32 13 0 0 0 0 0 0 0 0 
4 0 -5 -14 6 23 56 0 0 0 0 0 0 0 0 
-2 20 26 0 7 9 0 0 0 0 0 0 0 0 0 
1 9 41 5 10 14 1 0 0 0 0 0 0 0 0 
4 41 15 8 17 20 -13 0 0 0 0 0 0 0 0 
11 36 60 33 32 18 2 0 0 0 0 0 0 0 0 
10 32 58 39 37 41 21 0 0 0 0 0 0 0 0 
32 47 45 113 59 47 46 0 0 0 0 0 0 0 0 
24 53 45 70 157 135 60 0 0 0 0 0 0 0 0 
21 65 76 58 122 76 70 0 0 0 0 0 0 0 0 
13 39 54 81 61 64 61 0 0 0 0 0 0 0 0 
3 37 52 39 48 54 74 0 0 0 0 0 0 0 0 
5 19 31 41 45 46 84 0 0 0 0 0 0 0 0 
-14 16 28 29 43 31 82 0 0 0 0 0 0 0 0 
-15 11 11 20 29 57 12 0 0 0 0 0 0 0 0 
-25 -5 3 4 7 55 -10 0 0 0 0 0 0 0 0 
16 11 10 20 5 9 59 0 0 0 0 0 0 0 0 
-2 16 12 37 5 9 2 0 0 0 0 0 0 0 0 
1 11 28 43 29 20 -1 0 0 0 0 0 0 0 0 
-1 29 24 49 28 21 5 0 0 0 0 0 0 0 0 
6 25 39 54 35 36 28 0 0 0 0 0 0 0 0 
9 30 32 52 47 87 51 0 0 0 0 0 0 0 0 
21 30 31 34 41 56 96 0 0 0 0 0 0 0 0 
38 41 52 52 58 136 68 0 0 0 0 0 0 0 0 
19 55 60 48 43 54 70 0 0 0 0 0 0 0 0 
10 30 42 42 50 77 41 0 0 0 0 0 0 0 0 
21 31 37 28 50 40 66 0 0 0 0 0 0 0 0 
10 34 47 56 48 50 70 0 0 0 0 0 0 0 0 
-7 40 26 38 40 59 41 0 0 0 0 0 0 0 0 
-2 10 21 24 35 26 55 0 0 0 0 0 0 0 0 
-16 -4 13 13 19 47 20 0 0 0 0 0 0 0 0 
5 17 23 16 27 48 15 0 0 0 0 0 0 0 0 
11 39 16 21 22 8 10 0 0 0 0 0 0 0 0 
11 24 20 38 22 22 22 0 0 0 0 0 0 0 0 
20 28 29 25 46 35 30 0 0 0 0 0 0 0 0 
15 19 22 30 35 38 66 0 0 0 0 0 0 0 0 
11 23 22 31 35 45 36 0 0 0 0 0 0 0 0 
9 20 14 34 24 38 74 0 0 0 0 0 0 0 0 
12 9 27 22 24 40 50 0 0 0 0 0 0 0 0 
4 14 14 14 33 37 41 0 0 0 0 0 0 0 0 
0 15 17 14 33 45 19 0 0 0 0 0 0 0 0 
2 20 19 28 29 37 53 0 0 0 0 0 0 0 0 
10 10 29 32 35 32 76 0 0 0 0 0 0 0 0 
-10 5 19 20 40 4 4 0 0 0 0 0 0 0 0 
-2 6 15 13 32 9 -4 0 0 0 0 0 0 0 0 
14 41 19 9 5 -2 -19 0 0 0 0 0 0 0 0 
25 18 16 34 31 60 25 0 0 0 0 0 0 0 0 
50 2 10 8 20 0 0 0 0 0 0 0 0 0 0 
40 4 9 9 3 7 7 0 0 0 0 0 0 0 0 
7 7 7 9 5 46 10 0 0 0 0 0 0 0 0 
9 20 23 23 19 28 62 0 0 0 0 0 0 0 0 
12 20 11 23 24 20 63 0 0 0 0 0 0 0 0 
0 25 12 7 27 26 63 0 0 0 0 0 0 0 0 
4 13 26 6 15 29 69 0 0 0 0 0 0 0 0 
-19 2 1 14 33 14 -6 0 0 0 0 0 0 0 0 
1 14 3 14 38 16 7 0 0 0 0 0 0 0 0 
7 11 22 30 36 32 51 0 0 0 0 0 0 0 0 
25 34 33 34 34 45 26 0 0 0 0 0 0 0 0 
-28 -7 0 -3 0 17 -14 0 0 0 0 0 0 0 0 
38 0 -13 -6 -8 5 -18 0 0 0 0 0 0 0 0 
10 33 16 -10 -11 -5 -31 0 0 0 0 0 0 0 0 
7 7 21 24 20 28 61 0 0 0 0 0 0 0 0 
23 -16 -35 -34 -34 -27 -26 0 0 0 0 0 0 0 0 
36 4 4 3 -6 -25 -32 0 0 0 0 0 0 0 0 
40 17 19 14 0 -17 -28 0 0 0 0 0 0 0 0 
46 27 19 24 4 8 -19 0 0 0 0 0 0 0 0 
33 36 48 37 33 29 8 0 0 0 0 0 0 0 0 
38 85 45 42 40 32 15 0 0 0 0 0 0 0 0 
57 127 89 62 54 17 16 0 0 0 0 0 0 0 0 
54 120 145 151 121 55 28 0 0 0 0 0 0 0 0 
60 93 95 79 96 74 48 0 0 0 0 0 0 0 0 
25 37 74 64 48 43 41 0 0 0 0 0 0 0 0 
23 39 46 46 63 86 39 0 0 0 0 0 0 0 0 
3 34 36 29 32 43 61 0 0 0 0 0 0 0 0 
-2 20 29 31 31 40 63 0 0 0 0 0 0 0 0 
4 10 7 14 21 26 46 0 0 0 0 0 0 0 0 
-6 9 -12 0 30 25 57 0 0 0 0 0 0 0 0 
27 0 0 0 0 1 0 0 0 0 0 0 0 0 0 
-18 25 -11 -18 -31 -20 -28 0 0 0 0 0 0 0 0 
48 14 5 3 -2 -15 -12 0 0 0 0 0 0 0 0 
50 9 14 15 12 9 -22 0 0 0 0 0 0 0 0 
12 54 38 30 24 19 -1 0 0 0 0 0 0 0 0 
35 39 91 38 35 39 4 0 0 0 0 0 0 0 0 
42 86 39 32 38 38 12 0 0 0 0 0 0 0 0 
72 111 132 106 54 26 17 0 0 0 0 0 0 0 0 
64 126 149 79 57 41 30 0 0 0 0 0 0 0 0 
29 67 66 99 64 57 36 0 0 0 0 0 0 0 0 
19 41 52 52 68 44 33 0 0 0 0 0 0 0 0 
18 43 46 44 73 42 29 0 0 0 0 0 0 0 0 
5 38 38 57 44 32 25 0 0 0 0 0 0 0 0 
-10 9 22 28 47 20 23 0 0 0 0 0 0 0 0 
16 22 33 34 38 47 65 0 0 0 0 0 0 0 0 
-1 23 0 1 0 0 0 0 0 0 0 0 0 0 0 
10 -26 -14 -28 -14 -15 -28 0 0 0 0 0 0 0 0 
51 27 12 11 0 -14 -9 0 0 0 0 0 0 0 0 
49 33 27 33 19 6 0 0 0 0 0 0 0 0 0 
60 37 39 33 38 11 -1 0 0 0 0 0 0 0 0 
52 33 34 34 39 26 4 0 0 0 0 0 0 0 0 
46 62 55 40 34 40 27 0 0 0 0 0 0 0 0 
53 78 60 64 35 30 2 0 0 0 0 0 0 0 0 
63 64 153 64 56 43 16 0 0 0 0 0 0 0 0 
40 69 66 43 52 24 35 0 0 0 0 0 0 0 0 
39 67 49 51 42 40 22 0 0 0 0 0 0 0 0 
24 45 73 49 53 36 24 0 0 0 0 0 0 0 0 
5 33 34 49 79 52 29 0 0 0 0 0 0 0 0 
0 31 38 48 54 52 41 0 0 0 0 0 0 0 0 
21 25 35 47 45 64 43 0 0 0 0 0 0 0 0 
29 9 3 6 8 7 3 0 0 0 0 0 0 0 0 
13 -9 -28 -29 -13 -12 -22 0 0 0 0 0 0 0 0 
34 5 -4 -6 -2 -17 -41 0 0 0 0 0 0 0 0 
39 29 0 11 8 0 -9 0 0 0 0 0 0 0 0 
22 62 22 1 3 11 -1 0 0 0 0 0 0 0 0 
46 19 14 18 5 0 -8 0 0 0 0 0 0 0 0 
42 33 14 5 13 -7 -4 0 0 0 0 0 0 0 0 
86 58 44 4 0 -4 -14 0 0 0 0 0 0 0 0 
100 54 34 13 -6 1 -11 0 0 0 0 0 0 0 0 
99 56 26 5 2 -5 1 0 0 0 0 0 0 0 0 
94 62 54 37 11 17 3 0 0 0 0 0 0 0 0 
51 69 53 44 26 29 11 0 0 0 0 0 0 0 0 
46 71 46 43 44 30 14 0 0 0 0 0 0 0 0 
22 43 78 45 41 42 27 0 0 0 0 0 0 0 0 
13 28 32 40 58 36 20 0 0 0 0 0 0 0 0 
42 19 6 23 9 8 2 0 0 0 0 0 0 0 0 
-42 -24 -37 -40 1 -23 -32 0 0 0 0 0 0 0 0 
-52 -34 -37 -37 -32 -15 -15 0 0 0 0 0 0 0 0 
-35 -36 -37 -25 -31 -36 -38 0 0 0 0 0 0 0 0 
-2 -2 8 8 7 6 21 0 0 0 0 0 0 0 0 
0 -1 -16 -11 2 -5 22 0 0 0 0 0 0 0 0 
27 3 2 -6 -13 -9 -10 0 0 0 0 0 0 0 0 
42 10 1 1 -11 -17 -19 0 0 0 0 0 0 0 0 
44 8 8 -16 -22 -20 -21 0 0 0 0 0 0 0 0 
66 9 0 -14 -14 -14 -30 0 0 0 0 0 0 0 0 
74 15 7 2 -4 -2 -1 0 0 0 0 0 0 0 0 
74 51 20 6 4 0 0 0 0 0 0 0 0 0 0 
82 54 20 25 7 8 -3 0 0 0 0 0 0 0 0 
17 71 34 28 25 14 11 0 0 0 0 0 0 0 0 
12 78 30 17 26 29 5 0 0 0 0 0 0 0 0 
